"time","n.risk","n.event","n.censor","surv","std.err","upper","lower","strata","larv_adult"
3,426,7,1,0.983568075117371,0.00626234816128489,0.995714758469999,0.971569568654976,"larv_adult=C_C, strata(sex)=F","C_C"
5,418,8,1,0.964743805737134,0.00926805789415426,0.982428570665375,0.947377385490538,"larv_adult=C_C, strata(sex)=F","C_C"
8,409,9,1,0.943514724437295,0.0118705148190072,0.965723684492404,0.921816508723088,"larv_adult=C_C, strata(sex)=F","C_C"
10,399,17,0,0.903314848960017,0.0158885022902817,0.931887458626394,0.875618304333028,"larv_adult=C_C, strata(sex)=F","C_C"
12,382,12,1,0.874938466270173,0.0183669856157882,0.907008834058366,0.844002054901642,"larv_adult=C_C, strata(sex)=F","C_C"
15,369,9,0,0.853598503678218,0.0201270176160639,0.887944442848734,0.820581075032211,"larv_adult=C_C, strata(sex)=F","C_C"
17,360,20,0,0.806176364584983,0.0238431443171366,0.844744519057736,0.769369100542267,"larv_adult=C_C, strata(sex)=F","C_C"
19,340,28,0,0.739785369854455,0.0288521622321062,0.78282510223101,0.699111962417873,"larv_adult=C_C, strata(sex)=F","C_C"
22,312,49,0,0.623601129076031,0.037810057248844,0.67156935761733,0.579059130340026,"larv_adult=C_C, strata(sex)=F","C_C"
24,263,27,1,0.559581241300165,0.043181097669383,0.609002344132094,0.514170706619012,"larv_adult=C_C, strata(sex)=F","C_C"
26,235,29,0,0.490526534926953,0.049635239286574,0.540644883975854,0.445054209517295,"larv_adult=C_C, strata(sex)=F","C_C"
29,206,28,0,0.423853025325231,0.0568090272323555,0.473773994970028,0.379192165430516,"larv_adult=C_C, strata(sex)=F","C_C"
31,178,11,0,0.397659860838841,0.059977595809539,0.447264859751039,0.353556425180345,"larv_adult=C_C, strata(sex)=F","C_C"
33,167,7,0,0.38099148343841,0.0621231683592894,0.430323045093475,0.337315214947574,"larv_adult=C_C, strata(sex)=F","C_C"
36,160,18,0,0.338129941551589,0.0682022108741599,0.386489283669311,0.295821545912528,"larv_adult=C_C, strata(sex)=F","C_C"
38,142,3,1,0.330986351237119,0.069307522328483,0.379144495566149,0.288945154120398,"larv_adult=C_C, strata(sex)=F","C_C"
40,138,9,0,0.309400284852089,0.0728635287658722,0.356896474013041,0.268224942628758,"larv_adult=C_C, strata(sex)=F","C_C"
43,129,11,0,0.283017314825942,0.0776642267128528,0.329549696368516,0.24305530053263,"larv_adult=C_C, strata(sex)=F","C_C"
45,118,10,1,0.259032796620354,0.0825615836753282,0.304530855001609,0.220332319773007,"larv_adult=C_C, strata(sex)=F","C_C"
47,107,12,1,0.229982389522744,0.0894255919517928,0.274039889585564,0.19300803094973,"larv_adult=C_C, strata(sex)=F","C_C"
50,94,24,1,0.17126348155949,0.10790900291126,0.211600689353351,0.13861571153437,"larv_adult=C_C, strata(sex)=F","C_C"
52,69,10,1,0.146442687130579,0.118746586597202,0.184818298249011,0.116035375377878,"larv_adult=C_C, strata(sex)=F","C_C"
54,58,6,1,0.131293443634312,0.126846922504692,0.168350858565983,0.102393112147985,"larv_adult=C_C, strata(sex)=F","C_C"
57,51,16,1,0.0901033436706062,0.158283692094558,0.12287746145239,0.0660708029337751,"larv_adult=C_C, strata(sex)=F","C_C"
59,34,3,2,0.0821530486408468,0.167033011687306,0.113973121193814,0.0592167989284797,"larv_adult=C_C, strata(sex)=F","C_C"
61,29,7,0,0.0623230024171941,0.197159361500253,0.0917214095265335,0.04234732817936,"larv_adult=C_C, strata(sex)=F","C_C"
64,22,5,4,0.0481586836860137,0.228562459263123,0.0753750001396146,0.0307696027870465,"larv_adult=C_C, strata(sex)=F","C_C"
68,13,3,0,0.0370451412969336,0.274440741985095,0.0634359778356801,0.0216335042121458,"larv_adult=C_C, strata(sex)=F","C_C"
71,10,3,1,0.0259315989078535,0.343765710504222,0.0508678285583102,0.0132195110539652,"larv_adult=C_C, strata(sex)=F","C_C"
73,6,1,0,0.0216096657565446,0.389240538808339,0.0463415117146473,0.0100768757175001,"larv_adult=C_C, strata(sex)=F","C_C"
75,5,2,0,0.0129657994539268,0.533705471571296,0.0369054258481268,0.00455520974534373,"larv_adult=C_C, strata(sex)=F","C_C"
78,3,1,0,0.00864386630261784,0.671943596629811,0.0322602305885725,0.00231605364544414,"larv_adult=C_C, strata(sex)=F","C_C"
82,2,2,0,0,Inf,NA,NA,"larv_adult=C_C, strata(sex)=F","C_C"
3,393,5,1,0.987277353689567,0.00572628374623123,0.998420286724513,0.976258782066617,"larv_adult=C_DR, strata(sex)=F","C_DR"
5,387,5,0,0.974521832324069,0.0081616202127639,0.99023610439796,0.959056933450888,"larv_adult=C_DR, strata(sex)=F","C_DR"
8,382,15,0,0.936255268227574,0.0131759871624085,0.960748455706167,0.912386506663276,"larv_adult=C_DR, strata(sex)=F","C_DR"
10,367,5,1,0.923499746862076,0.0145341644618291,0.950185248896025,0.89756369449558,"larv_adult=C_DR, strata(sex)=F","C_DR"
12,361,6,0,0.90815072059844,0.0160642535637709,0.93719907073343,0.880002719889645,"larv_adult=C_DR, strata(sex)=F","C_DR"
15,355,13,1,0.87489449702723,0.0191085175327014,0.908282369991569,0.842733940696917,"larv_adult=C_DR, strata(sex)=F","C_DR"
17,341,11,0,0.846672093897319,0.0215148124080247,0.883138234128174,0.811711696858129,"larv_adult=C_DR, strata(sex)=F","C_DR"
19,330,7,1,0.828712382814649,0.0229904187619018,0.866908593699648,0.792199106597243,"larv_adult=C_DR, strata(sex)=F","C_DR"
22,322,25,1,0.764371359304195,0.0281064522794886,0.807660161351285,0.723402741503331,"larv_adult=C_DR, strata(sex)=F","C_DR"
24,296,21,0,0.71014231016437,0.0323721781430356,0.756659757011869,0.66648463330088,"larv_adult=C_DR, strata(sex)=F","C_DR"
26,275,11,1,0.681736617757795,0.0346334097258641,0.729619837543521,0.636995860140817,"larv_adult=C_DR, strata(sex)=F","C_DR"
29,263,17,1,0.637669992275352,0.0382391468370411,0.687298191378428,0.591625329659219,"larv_adult=C_DR, strata(sex)=F","C_DR"
31,245,17,0,0.59342350301543,0.0420305199830346,0.64437871489243,0.546497650826177,"larv_adult=C_DR, strata(sex)=F","C_DR"
33,228,12,0,0.562190687067249,0.0448355810422169,0.613829509180304,0.514896015747441,"larv_adult=C_DR, strata(sex)=F","C_DR"
36,216,29,0,0.486711381859146,0.0522321096706927,0.539177244374023,0.439350828884226,"larv_adult=C_DR, strata(sex)=F","C_DR"
38,187,11,0,0.458081300573314,0.0553391170835039,0.510560609823211,0.41099621454855,"larv_adult=C_DR, strata(sex)=F","C_DR"
40,176,14,0,0.421643015300437,0.0596107306106577,0.473898851665522,0.375149320845208,"larv_adult=C_DR, strata(sex)=F","C_DR"
43,162,21,0,0.366985587391121,0.066878982343662,0.418385381290416,0.321900399429399,"larv_adult=C_DR, strata(sex)=F","C_DR"
45,141,12,1,0.33575277144294,0.0716417314298007,0.386368007755037,0.291768265666261,"larv_adult=C_DR, strata(sex)=F","C_DR"
47,128,19,4,0.285914469431879,0.080587527625962,0.334836167483734,0.244140543253841,"larv_adult=C_DR, strata(sex)=F","C_DR"
50,105,10,3,0.258684519962176,0.0865843858587064,0.306528742507272,0.218308013534731,"larv_adult=C_DR, strata(sex)=F","C_DR"
52,92,11,0,0.227754849097133,0.094725760326765,0.274219506938942,0.18916331615609,"larv_adult=C_DR, strata(sex)=F","C_DR"
54,81,8,1,0.205260543013466,0.101616537995173,0.250496479969737,0.168193543171836,"larv_adult=C_DR, strata(sex)=F","C_DR"
57,72,11,2,0.173901293386409,0.113271684582628,0.217130006211372,0.139279044702952,"larv_adult=C_DR, strata(sex)=F","C_DR"
59,59,6,0,0.156216416092876,0.121446475922998,0.198199291529647,0.123126417196361,"larv_adult=C_DR, strata(sex)=F","C_DR"
61,53,9,0,0.129689100152576,0.136413323077646,0.169441078872867,0.0992631940865089,"larv_adult=C_DR, strata(sex)=F","C_DR"
64,44,12,0,0.0943193455655098,0.164715882615531,0.130258835773388,0.0682958579745232,"larv_adult=C_DR, strata(sex)=F","C_DR"
66,32,3,3,0.0854769069187433,0.174252921371503,0.120274387494689,0.0607469451192849,"larv_adult=C_DR, strata(sex)=F","C_DR"
68,26,11,0,0.0493136001454288,0.242010761768214,0.0792440463457441,0.0306878721045249,"larv_adult=C_DR, strata(sex)=F","C_DR"
71,15,9,2,0.0197254400581715,0.398207494670343,0.0430508305804285,0.00903799021395431,"larv_adult=C_DR, strata(sex)=F","C_DR"
75,4,2,0,0.00986272002908576,0.639194187091553,0.0345207150961521,0.00281782246112776,"larv_adult=C_DR, strata(sex)=F","C_DR"
82,2,2,0,0,Inf,NA,NA,"larv_adult=C_DR, strata(sex)=F","C_DR"
3,625,6,0,0.9904,0.00393813220941973,0.998074077218936,0.982784927881494,"larv_adult=DR_C, strata(sex)=F","DR_C"
5,619,10,1,0.9744,0.00648352718778486,0.986861175681987,0.962096172588675,"larv_adult=DR_C, strata(sex)=F","DR_C"
8,608,16,1,0.948757894736842,0.00929991784257643,0.966209953634774,0.931621061694979,"larv_adult=DR_C, strata(sex)=F","DR_C"
10,591,16,2,0.923072401816724,0.0115573149708189,0.944220381960376,0.902398079171577,"larv_adult=DR_C, strata(sex)=F","DR_C"
12,573,16,1,0.897297256216257,0.0135537067881697,0.921453185790847,0.87377457523488,"larv_adult=DR_C, strata(sex)=F","DR_C"
15,556,21,1,0.863406532510248,0.0159468083052758,0.890818603381906,0.836837979753972,"larv_adult=DR_C, strata(sex)=F","DR_C"
17,534,17,2,0.835919807692506,0.0177729428031607,0.865551618096753,0.807302430361314,"larv_adult=DR_C, strata(sex)=F","DR_C"
19,515,28,0,0.790471740478156,0.0206765087337771,0.823163726502867,0.759078118212475,"larv_adult=DR_C, strata(sex)=F","DR_C"
22,487,48,0,0.712560768110699,0.025534961348847,0.749130201113804,0.677776503330929,"larv_adult=DR_C, strata(sex)=F","DR_C"
24,439,33,0,0.658996974608072,0.0289341339988085,0.697448589501004,0.622665267490612,"larv_adult=DR_C, strata(sex)=F","DR_C"
26,406,20,0,0.626534069454965,0.0310612861645879,0.665861809433854,0.589529140470692,"larv_adult=DR_C, strata(sex)=F","DR_C"
29,386,57,0,0.53401478976861,0.0375984521075062,0.574853454616282,0.4960773800724,"larv_adult=DR_C, strata(sex)=F","DR_C"
31,329,28,0,0.488566722554261,0.0411872438903298,0.529642136006424,0.450676836603719,"larv_adult=DR_C, strata(sex)=F","DR_C"
33,301,31,0,0.438249219566945,0.0455832603789219,0.479205388559984,0.400793444807007,"larv_adult=DR_C, strata(sex)=F","DR_C"
36,270,17,0,0.410655750186804,0.0482358693611856,0.45137380830296,0.37361083443348,"larv_adult=DR_C, strata(sex)=F","DR_C"
38,253,31,0,0.360338247199488,0.0536529069815736,0.40029466212744,0.324370181967256,"larv_adult=DR_C, strata(sex)=F","DR_C"
40,222,15,0,0.335991068334658,0.0566131415615228,0.37541958574171,0.300703538888707,"larv_adult=DR_C, strata(sex)=F","DR_C"
43,207,27,0,0.292166146377963,0.0626872034678884,0.330361429485177,0.258386874104441,"larv_adult=DR_C, strata(sex)=F","DR_C"
45,180,15,1,0.267818967513133,0.0665938134039112,0.305158933330522,0.235048007859275,"larv_adult=DR_C, strata(sex)=F","DR_C"
47,164,35,1,0.210662480543867,0.078032768710083,0.245475869394357,0.180786326649487,"larv_adult=DR_C, strata(sex)=F","DR_C"
50,128,23,3,0.172809066071141,0.0883200006588023,0.205468213078541,0.145341086433475,"larv_adult=DR_C, strata(sex)=F","DR_C"
52,102,10,3,0.155867000770049,0.0941597905962768,0.187457636798553,0.129600065081146,"larv_adult=DR_C, strata(sex)=F","DR_C"
54,89,10,3,0.13835385461611,0.101431449546263,0.168783453858683,0.113410341176942,"larv_adult=DR_C, strata(sex)=F","DR_C"
57,76,8,3,0.123790290972309,0.108794883028363,0.153212061482419,0.100018471070357,"larv_adult=DR_C, strata(sex)=F","DR_C"
59,65,5,8,0.114267960897516,0.114535487318152,0.143026746966615,0.0912917839816642,"larv_adult=DR_C, strata(sex)=F","DR_C"
61,52,6,2,0.101083196178572,0.125006956043334,0.129147225168027,0.0791175539109089,"larv_adult=DR_C, strata(sex)=F","DR_C"
64,44,6,3,0.0872991239724032,0.138619103321409,0.114552001125167,0.0665299337549038,"larv_adult=DR_C, strata(sex)=F","DR_C"
66,35,6,0,0.0723335598628484,0.158513677185574,0.098688585858296,0.0530167074229329,"larv_adult=DR_C, strata(sex)=F","DR_C"
68,29,3,0,0.064850777808071,0.170602947500157,0.0906009353913602,0.0464192048806688,"larv_adult=DR_C, strata(sex)=F","DR_C"
71,26,8,5,0.0448966923286645,0.214940416836291,0.0684182498930596,0.0294616273465837,"larv_adult=DR_C, strata(sex)=F","DR_C"
73,13,4,0,0.0310823254583062,0.283526748258066,0.0541816104149288,0.0178309752792042,"larv_adult=DR_C, strata(sex)=F","DR_C"
75,9,4,0,0.0172679585879479,0.411432018523937,0.0386769810394846,0.00770955710040229,"larv_adult=DR_C, strata(sex)=F","DR_C"
82,5,4,0,0.00345359171758958,0.984518311595412,0.0237845259702206,0.000501472922636208,"larv_adult=DR_C, strata(sex)=F","DR_C"
89,1,1,0,0,Inf,NA,NA,"larv_adult=DR_C, strata(sex)=F","DR_C"
3,510,2,2,0.996078431372549,0.00277842100524449,1,0.990668923971137,"larv_adult=DR_DR, strata(sex)=F","DR_DR"
5,506,7,0,0.982298690227079,0.00595340695183949,0.993827738685743,0.97090338623256,"larv_adult=DR_DR, strata(sex)=F","DR_DR"
8,499,13,0,0.956707742385492,0.00943653575346517,0.974566957002005,0.939175802918651,"larv_adult=DR_DR, strata(sex)=F","DR_DR"
10,486,13,1,0.931116794543905,0.0120664801481097,0.953400041746004,0.909354360310263,"larv_adult=DR_DR, strata(sex)=F","DR_DR"
12,472,16,0,0.899553513372925,0.0148303179840645,0.926084453622522,0.87378264504525,"larv_adult=DR_DR, strata(sex)=F","DR_DR"
15,456,15,2,0.869962937275131,0.0171618638706068,0.899723276060919,0.841186987565641,"larv_adult=DR_DR, strata(sex)=F","DR_DR"
17,439,10,0,0.850146013874786,0.018644773382837,0.88178759066343,0.819639845876505,"larv_adult=DR_DR, strata(sex)=F","DR_DR"
19,429,12,0,0.826365705794373,0.0203643506713865,0.860015844156898,0.794032208072262,"larv_adult=DR_DR, strata(sex)=F","DR_DR"
22,417,45,0,0.737189550492822,0.026548018504321,0.776563340637363,0.699812114372762,"larv_adult=DR_DR, strata(sex)=F","DR_DR"
24,372,26,0,0.685665549651926,0.0301130977134476,0.727352012327392,0.646368248126687,"larv_adult=DR_DR, strata(sex)=F","DR_DR"
26,346,18,0,0.649995087531305,0.0326405534772298,0.692937019749598,0.609714305590864,"larv_adult=DR_DR, strata(sex)=F","DR_DR"
29,328,21,2,0.608379548390581,0.0356924954818661,0.652463337633137,0.567274287383853,"larv_adult=DR_DR, strata(sex)=F","DR_DR"
31,305,13,0,0.582448616819835,0.0376818688944622,0.627093765675724,0.540981922966153,"larv_adult=DR_DR, strata(sex)=F","DR_DR"
33,292,24,0,0.53457612776615,0.0415524847959175,0.579934706377169,0.492765191037895,"larv_adult=DR_DR, strata(sex)=F","DR_DR"
36,268,28,2,0.478724890536851,0.0464965845605839,0.524401557684233,0.437026773588492,"larv_adult=DR_DR, strata(sex)=F","DR_DR"
38,238,14,0,0.450564602858213,0.0492395919745111,0.496214997853773,0.409113916803866,"larv_adult=DR_DR, strata(sex)=F","DR_DR"
40,224,19,0,0.412347069580061,0.0532757025671031,0.457731997664246,0.371462136487961,"larv_adult=DR_DR, strata(sex)=F","DR_DR"
43,205,36,0,0.339934901263562,0.0622688643452266,0.384060028228064,0.300879364171811,"larv_adult=DR_DR, strata(sex)=F","DR_DR"
45,169,18,0,0.303728817105313,0.0676961465655322,0.346823936459945,0.265988545317278,"larv_adult=DR_DR, strata(sex)=F","DR_DR"
47,151,22,1,0.259476936467453,0.075579029419719,0.300906624042768,0.223751407177282,"larv_adult=DR_DR, strata(sex)=F","DR_DR"
50,128,28,2,0.202716356615197,0.0888801985147803,0.241292461739262,0.170307522013454,"larv_adult=DR_DR, strata(sex)=F","DR_DR"
52,98,14,5,0.173756877098741,0.0979814776380495,0.210544541941129,0.143396984128654,"larv_adult=DR_DR, strata(sex)=F","DR_DR"
54,79,6,1,0.160560152255798,0.10315411891447,0.196536273197164,0.131169488832951,"larv_adult=DR_DR, strata(sex)=F","DR_DR"
57,72,9,4,0.140490133223824,0.112360576863719,0.175100473608686,0.112720868918704,"larv_adult=DR_DR, strata(sex)=F","DR_DR"
59,59,8,0,0.121440623634153,0.123626816783535,0.154737410952093,0.09530872319699,"larv_adult=DR_DR, strata(sex)=F","DR_DR"
61,51,8,0,0.102391114044482,0.137592007922928,0.134085185682683,0.0781886543385982,"larv_adult=DR_DR, strata(sex)=F","DR_DR"
64,43,12,4,0.0738168496599751,0.167134111440196,0.102428383798947,0.0531974350431895,"larv_adult=DR_DR, strata(sex)=F","DR_DR"
66,27,4,0,0.0628810200807195,0.185405056671688,0.0904350220359153,0.0437222504885502,"larv_adult=DR_DR, strata(sex)=F","DR_DR"
68,23,6,1,0.0464772757118362,0.222980500451567,0.0719518574549995,0.0300219790565524,"larv_adult=DR_DR, strata(sex)=F","DR_DR"
71,16,5,2,0.0319531270518874,0.279516358180916,0.0552634662901048,0.0184751771275859,"larv_adult=DR_DR, strata(sex)=F","DR_DR"
73,9,3,0,0.0213020847012582,0.365629525676302,0.0436160692500724,0.0104039364486938,"larv_adult=DR_DR, strata(sex)=F","DR_DR"
75,6,3,0,0.0106510423506291,0.548043444183894,0.0311808203440805,0.00363828475014551,"larv_adult=DR_DR, strata(sex)=F","DR_DR"
78,3,1,0,0.00710069490041941,0.683387359686738,0.0271019929299538,0.00186037492516342,"larv_adult=DR_DR, strata(sex)=F","DR_DR"
82,2,2,0,0,Inf,NA,NA,"larv_adult=DR_DR, strata(sex)=F","DR_DR"
